{
 "cells": [
  {
   "cell_type": "code",
   "execution_count": 1,
   "metadata": {},
   "outputs": [],
   "source": [
    "import csv\n",
    "\n",
    "def read(fileName):\n",
    "    array = []\n",
    "    with open(fileName) as csvfile:\n",
    "        file = csv.reader(csvfile, delimiter=',')\n",
    "        idElem = -1\n",
    "        for row in file:\n",
    "            if idElem != -1:\n",
    "                elem = {}\n",
    "                elem[\"name\"] = row[5]\n",
    "                elem[\"x\"] = float(row[15])\n",
    "                elem[\"y\"] = float(row[16])\n",
    "                array.append(elem)\n",
    "            \n",
    "            idElem += 1\n",
    "        \n",
    "    return array\n",
    "                \n",
    "                "
   ]
  },
  {
   "cell_type": "code",
   "execution_count": 2,
   "metadata": {},
   "outputs": [],
   "source": [
    "def readCPxDto(fileName):\n",
    "    dictionary = {}\n",
    "    places = []\n",
    "    with open(fileName) as csvfile:\n",
    "        file = csv.reader(csvfile, delimiter=',')\n",
    "        idElem = -1\n",
    "        for row in file:\n",
    "            if idElem != -1:\n",
    "                elem = {}\n",
    "                elem[\"name\"] = row[5]\n",
    "                elem[\"x\"] = float(row[15])\n",
    "                elem[\"y\"] = float(row[16])\n",
    "                if row[1] not in dictionary:\n",
    "                    dictionary[row[1]] = []\n",
    "                    dictionary[row[1]].append(elem)\n",
    "                    places.append(row[1])\n",
    "                else:\n",
    "                    dictionary[row[1]].append(elem)\n",
    "                del elem\n",
    "            \n",
    "            idElem += 1\n",
    "        \n",
    "    return dictionary, places\n"
   ]
  },
  {
   "cell_type": "code",
   "execution_count": 3,
   "metadata": {},
   "outputs": [],
   "source": [
    "def calculateDistances(dictionary, department):\n",
    "    \n",
    "    distance_matrix = []\n",
    "    row = []\n",
    "    n = len(dictionary[department])\n",
    "    for fil in range(n):\n",
    "        for col in range(n):\n",
    "            if fil == col:\n",
    "                row.append(0)\n",
    "            else:\n",
    "                operation = ((dictionary[department][col][\"x\"]) - (dictionary[department][fil][\"x\"]))**2 + ((dictionary[department][col][\"y\"] - dictionary[department][fil][\"y\"]))**2\n",
    "                distance = operation**0.5\n",
    "                row.append(distance)\n",
    "        distance_matrix.append(row)\n",
    "        row = []\n",
    "    return distance_matrix\n",
    "\n"
   ]
  },
  {
   "cell_type": "code",
   "execution_count": 4,
   "metadata": {},
   "outputs": [],
   "source": [
    "def calculateDistancesDictionary(dictionary, departments):\n",
    "    \n",
    "    n = len(departments)\n",
    "    distance_dictionary = {}\n",
    "\n",
    "    for pos in range(n):\n",
    "        dep = departments[pos]\n",
    "        distance_dictionary[dep] = calculateDistances(dictionary, dep)\n",
    "\n",
    "    return distance_dictionary\n",
    "\n",
    "\n",
    "\n"
   ]
  },
  {
   "cell_type": "code",
   "execution_count": 8,
   "metadata": {},
   "outputs": [],
   "source": [
    "placesDictionary, places = readCPxDto('test.csv')\n",
    "distancesDictionary = calculateDistancesDictionary(palcesDictionary, places)\n"
   ]
  },
  {
   "cell_type": "code",
   "execution_count": 6,
   "metadata": {},
   "outputs": [
    {
     "name": "stdout",
     "output_type": "stream",
     "text": [
      "{'JUNIN': [[0, 0.19235354339982622], [0.19235354339982622, 0]], 'ICA': [[0, 0.10056573988137786], [0.10056573988137786, 0]], 'CUSCO': [[0, 1.5203065545139727, 1.6509118402378058], [1.5203065545139727, 0, 0.7929293576969236], [1.6509118402378058, 0.7929293576969236, 0]], 'TUMBES': [[0]], 'LIMA': [[0]], 'SAN MARTIN': [[0, 0.5056584175920917], [0.5056584175920917, 0]], 'PIURA': [[0, 0.3883620040665112, 1.0146177202130877, 1.1352018097973355, 1.3381270093487656, 1.1747264799984956, 1.002595523430498, 1.1317185585184908], [0.3883620040665112, 0, 1.0006672241730856, 1.114775293524681, 1.3309805671177026, 1.1575319771025767, 0.9720647680600809, 1.1261281469489326], [1.0146177202130877, 1.0006672241730856, 0, 0.12065981336469238, 0.3322144496506975, 0.16134344783820134, 0.04741161601732748, 0.12546099142245803], [1.1352018097973355, 1.114775293524681, 0.12065981336469238, 0, 0.21634497585242415, 0.04282045173446539, 0.1427160486069967, 0.04325988791645691], [1.3381270093487656, 1.3309805671177026, 0.3322144496506975, 0.21634497585242415, 0, 0.17353165797022577, 0.35901955772161165, 0.20831079227060156], [1.1747264799984956, 1.1575319771025767, 0.16134344783820134, 0.04282045173446539, 0.17353165797022577, 0, 0.1854994956277827, 0.05100357409803209], [1.002595523430498, 0.9720647680600809, 0.04741161601732748, 0.1427160486069967, 0.35901955772161165, 0.1854994956277827, 0, 0.15923233768527145], [1.1317185585184908, 1.1261281469489326, 0.12546099142245803, 0.04325988791645691, 0.20831079227060156, 0.05100357409803209, 0.15923233768527145, 0]], 'LAMBAYEQUE': [[0]], 'ANCASH': [[0, 0.4224691148505063], [0.4224691148505063, 0]], 'AYACUCHO': [[0, 1.7961087116018588, 1.8805498727337557, 1.9968012110539006], [1.7961087116018588, 0, 0.2881597104202716, 0.5626643115432628], [1.8805498727337557, 0.2881597104202716, 0, 0.2745046235954609], [1.9968012110539006, 0.5626643115432628, 0.2745046235954609, 0]], 'AMAZONAS': [[0, 1.4354050291018179, 0.12243543689833579, 0.06711807310890354], [1.4354050291018179, 0, 1.338546770581887, 1.3718028068708759], [0.12243543689833579, 1.338546770581887, 0, 0.06216182012134281], [0.06711807310890354, 1.3718028068708759, 0.06216182012134281, 0]], 'CAJAMARCA': [[0, 0.3852605970866059, 1.1944047679709973, 0.2797128441222655, 0.05053592711016981, 0.27982440407991477, 0.10764715903972574, 0.0880284348664832, 0.17881692110707573, 0.15882975967810528, 0.08061232405368286], [0.3852605970866059, 0, 1.1081366769969767, 0.11354968794665418, 0.4246131801059174, 0.11387389185755724, 0.2857208639237964, 0.47235346830347436, 0.55154786706533, 0.22745303352693386, 0.4657382471392157], [1.1944047679709973, 1.1081366769969767, 0, 1.0844994571542133, 1.1789173714695829, 1.0835367863922913, 1.1263290206497434, 1.242566346115997, 1.1956978844908899, 1.1575231688216785, 1.2316265872273018], [0.2797128441222655, 0.11354968794665418, 1.0844994571542133, 0, 0.31549415163297523, 0.0009776515160829044, 0.1757181470222947, 0.3677024584803846, 0.44020574529026407, 0.12904854824962544, 0.3601967618888288], [0.05053592711016981, 0.4246131801059174, 1.1789173714695829, 0.31549415163297523, 0, 0.31548825413273157, 0.13978154664542794, 0.06807600726396038, 0.13069896092177347, 0.20184240814825818, 0.05719272687222239], [0.27982440407991477, 0.11387389185755724, 1.0835367863922913, 0.0009776515160829044, 0.31548825413273157, 0, 0.17570828617217815, 0.36782152708485655, 0.44009700200024093, 0.12941255036560506, 0.36029401845531517], [0.10764715903972574, 0.2857208639237964, 1.1263290206497434, 0.1757181470222947, 0.13978154664542794, 0.17570828617217815, 0, 0.19496216956539725, 0.26593582956557704, 0.07482342900736694, 0.1865842276542119], [0.0880284348664832, 0.47235346830347436, 1.242566346115997, 0.3677024584803846, 0.06807600726396038, 0.36782152708485655, 0.19496216956539725, 0, 0.1184473023680479, 0.24510811975283311, 0.01110238196857457], [0.17881692110707573, 0.55154786706533, 1.1956978844908899, 0.44020574529026407, 0.13069896092177347, 0.44009700200024093, 0.26593582956557704, 0.1184473023680479, 0, 0.33199045129111165, 0.115866803984265], [0.15882975967810528, 0.22745303352693386, 1.1575231688216785, 0.12904854824962544, 0.20184240814825818, 0.12941255036560506, 0.07482342900736694, 0.24510811975283311, 0.33199045129111165, 0, 0.23883548053021084], [0.08061232405368286, 0.4657382471392157, 1.2316265872273018, 0.3601967618888288, 0.05719272687222239, 0.36029401845531517, 0.1865842276542119, 0.01110238196857457, 0.115866803984265, 0.23883548053021084, 0]], 'APURIMAC': [[0, 0.11700640587862474, 0.14516429143069703, 0.2010798433997576], [0.11700640587862474, 0, 0.02815803683208671, 0.3180859932283262], [0.14516429143069703, 0.02815803683208671, 0, 0.3462436647519871], [0.2010798433997576, 0.3180859932283262, 0.3462436647519871, 0]], 'PUNO': [[0, 0.8293255819146713, 0.6630355265582766], [0.8293255819146713, 0, 0.1664423402886505], [0.6630355265582766, 0.1664423402886505, 0]]}\n"
     ]
    }
   ],
   "source": [
    "print(distancesDictionary)"
   ]
  },
  {
   "cell_type": "code",
   "execution_count": 9,
   "metadata": {},
   "outputs": [
    {
     "name": "stdout",
     "output_type": "stream",
     "text": [
      "{'JUNIN': [{'name': 'Campo Verde', 'x': -73.682631254, 'y': -11.23852662}, {'name': 'Manantial', 'x': -73.73216629, 'y': -11.052660631}], 'ICA': [{'name': 'Sumac Wassi', 'x': -75.690028667, 'y': -14.032004699}, {'name': 'Ana Jara Velasquez', 'x': -75.768467188, 'y': -13.969069284}], 'CUSCO': [{'name': 'Selva Verde', 'x': -71.416283727, 'y': -12.930408252}, {'name': 'Chancarani', 'x': -71.28177777, 'y': -14.44475305}, {'name': 'Sayhuayoc', 'x': -72.07470702, 'y': -14.44433978}], 'TUMBES': [{'name': 'Angel de la Luz', 'x': -80.251414776, 'y': -3.694722345}], 'LIMA': [{'name': 'Casa Huerta', 'x': -76.6739434, 'y': -11.919911691}], 'SAN MARTIN': [{'name': 'Bella Vista', 'x': -77.322463989, 'y': -6.472756346}, {'name': 'Sector La Union', 'x': -76.819764376, 'y': -6.418134607}], 'PIURA': [{'name': 'Alto Milagro', 'x': -79.672964215, 'y': -5.016080824}, {'name': 'Huayanay', 'x': -79.61153577, 'y': -5.39955389}, {'name': 'Nuevo Zona More', 'x': -80.61220295, 'y': -5.39985122}, {'name': 'Hacienda Santa Filomena', 'x': -80.72553016, 'y': -5.44127264}, {'name': 'San Pablo', 'x': -80.94187477, 'y': -5.44087477}, {'name': 'Fundo Rio Frio', 'x': -80.76834353, 'y': -5.4404939}, {'name': 'Loma Blanca', 'x': -80.58287502, 'y': -5.43710352}, {'name': 'San Jose', 'x': -80.7376639, 'y': -5.39974927}], 'LAMBAYEQUE': [{'name': 'San Lorenzo', 'x': -79.760484695, 'y': -5.944753271}], 'ANCASH': [{'name': 'Andahuaylas', 'x': -77.550237179, 'y': -9.408038645}, {'name': 'Shirapampa', 'x': -77.401481667, 'y': -9.012625}], 'AYACUCHO': [{'name': 'Asociación de Vivienda Paraiso II', 'x': -73.743426204, 'y': -12.693435772}, {'name': 'Surapunco', 'x': -74.14069602, 'y': -14.44505879}, {'name': 'Ccilccata', 'x': -74.4288554, 'y': -14.44462241}, {'name': 'Trajin', 'x': -74.7033599, 'y': -14.44436192}], 'AMAZONAS': [{'name': 'Nuevo Gramalotal', 'x': -78.51179147, 'y': -5.39164889}, {'name': 'Villa Rica', 'x': -77.808623333, 'y': -6.643025}, {'name': 'Nuevo San Jose', 'x': -78.4003594, 'y': -5.44237689}, {'name': 'Mirador', 'x': -78.46228563, 'y': -5.43697005}], 'CAJAMARCA': [{'name': 'El Horcon La Piria', 'x': -78.92403222, 'y': -5.40194122}, {'name': 'Sauce', 'x': -78.53878102, 'y': -5.39925039}, {'name': 'Santa Rosa', 'x': -78.465892438, 'y': -6.504987316}, {'name': 'Tomaque', 'x': -78.64635281, 'y': -5.43560753}, {'name': 'El Paraiso', 'x': -78.96184693, 'y': -5.43546625}, {'name': 'Pindal', 'x': -78.64636066, 'y': -5.43658515}, {'name': 'Cruce La Coypa', 'x': -78.8220689, 'y': -5.43645777}, {'name': 'Las Cuevas', 'x': -79.01100932, 'y': -5.38837695}, {'name': 'La Union', 'x': -79.08415561, 'y': -5.48154016}, {'name': 'Higuerones', 'x': -78.76590496, 'y': -5.38701935}, {'name': 'La Vega El Puente', 'x': -79.00451552, 'y': -5.39738214}], 'APURIMAC': [{'name': 'Huruhuacca', 'x': -72.89834564, 'y': -14.44481253}, {'name': 'Ampotaje', 'x': -72.78133927, 'y': -14.4447209}, {'name': 'Huayjohuasi', 'x': -72.75318151, 'y': -14.44459604}, {'name': 'Palca', 'x': -73.09942514, 'y': -14.44444091}], 'PUNO': [{'name': 'Calachaca', 'x': -69.389521667, 'y': -14.456891667}, {'name': 'Japu Japu', 'x': -70.21875602, 'y': -14.44459091}, {'name': 'Anansaya', 'x': -70.052359309, 'y': -14.440693833}]}\n"
     ]
    }
   ],
   "source": [
    "print(placesDictionary)"
   ]
  },
  {
   "cell_type": "code",
   "execution_count": null,
   "metadata": {},
   "outputs": [],
   "source": []
  }
 ],
 "metadata": {
  "kernelspec": {
   "display_name": "Python 3",
   "language": "python",
   "name": "python3"
  },
  "language_info": {
   "codemirror_mode": {
    "name": "ipython",
    "version": 3
   },
   "file_extension": ".py",
   "mimetype": "text/x-python",
   "name": "python",
   "nbconvert_exporter": "python",
   "pygments_lexer": "ipython3",
   "version": "3.7.3"
  }
 },
 "nbformat": 4,
 "nbformat_minor": 2
}
